10.0 76
9.98 5
9.96 24
9.95 20
9.93 59
9.91 23
9.9 61
9.88 37
9.86 56
9.85 46
9.83 99
9.81 67
9.8 99
9.78 65
9.77 1
9.76 107
9.75 96
9.73 107
9.71 91
9.7 121
9.68 90
9.67 3
9.66 138
9.65 72
9.64 1
9.63 122
9.62 1
9.61 101
9.6 129
9.59 1
9.58 113
9.57 1
9.56 113
9.55 101
9.53 111
9.51 102
9.5 128
9.48 112
9.47 2
9.46 113
9.45 98
9.43 115
9.42 1
9.41 102
9.4 121
9.38 118
9.36 136
9.35 111
9.33 121
9.32 1
9.31 102
9.3 100
9.28 101
9.27 4
9.26 109
9.25 119
9.23 112
9.22 2
9.21 103
9.2 97
9.18 91
9.17 4
9.16 95
9.15 108
9.13 106
9.12 3
9.11 99
9.1 122
9.08 112
9.07 1
9.06 93
9.05 95
9.03 114
9.02 4
9.01 86
9.0 111
8.98 98
8.97 1
8.96 95
8.95 64
8.93 93
8.91 67
8.9 79
8.88 83
8.87 4
8.86 80
8.85 76
8.83 86
8.82 3
8.81 77
8.8 94
8.78 76
8.77 7
8.76 89
8.75 84
8.73 88
8.71 65
8.7 80
8.68 78
8.67 2
8.66 77
8.65 83
8.63 77
8.62 5
8.61 72
8.6 67
8.58 71
8.57 2
8.56 62
8.55 72
8.53 83
8.52 2
8.51 61
8.5 64
8.48 67
8.47 3
8.46 56
8.45 67
8.43 67
8.42 5
8.41 68
8.4 59
8.38 64
8.37 2
8.36 49
8.35 57
8.33 68
8.32 6
8.31 60
8.3 46
8.28 41
8.26 53
8.25 45
8.23 50
8.21 40
8.2 49
8.18 47
8.17 3
8.16 55
8.15 61
8.13 58
8.12 4
8.11 65
8.1 54
8.08 46
8.07 1
8.06 62
8.05 53
8.03 51
8.02 5
8.01 50
8.0 52
7.98 35
7.97 1
7.96 48
7.95 36
7.93 53
7.91 41
7.9 46
7.88 41
7.87 4
7.86 46
7.85 42
7.83 49
7.81 38
7.8 31
7.78 40
7.77 2
7.76 48
7.75 29
7.73 39
7.72 2
7.71 52
7.7 36
7.68 37
7.67 1
7.66 36
7.65 36
7.63 36
7.62 1
7.61 45
7.6 46
7.58 24
7.57 1
7.56 40
7.55 37
7.53 36
7.51 36
7.5 30
7.48 31
7.46 36
7.45 29
7.43 28
7.42 3
7.41 28
7.4 38
7.38 26
7.37 1
7.36 24
7.35 33
7.33 30
7.32 1
7.31 25
7.3 28
7.28 27
7.27 3
7.26 29
7.25 30
7.23 34
7.22 1
7.21 20
7.2 28
7.18 25
7.17 1
7.16 34
7.15 24
7.13 23
7.12 2
7.11 32
7.1 27
7.08 22
7.07 1
7.06 29
7.05 22
7.03 30
7.01 20
7.0 27
6.98 18
6.96 15
6.95 20
6.93 25
6.92 1
6.91 24
6.9 14
6.88 14
6.86 18
6.85 19
6.83 28
6.81 20
6.8 16
6.78 14
6.76 26
6.75 18
6.73 19
6.71 19
6.7 22
6.68 19
6.67 2
6.66 26
6.65 18
6.63 18
6.61 15
6.6 18
6.58 25
6.56 28
6.55 15
6.53 20
6.52 1
6.51 17
6.5 15
6.48 12
6.46 19
6.45 20
6.43 18
6.41 11
6.4 20
6.38 13
6.37 2
6.36 11
6.35 13
6.33 25
6.32 2
6.31 14
6.3 23
6.28 16
6.27 1
6.26 20
6.25 19
6.23 24
6.21 18
6.2 18
6.18 18
6.16 17
6.15 18
6.13 21
6.11 12
6.1 18
6.08 14
6.07 1
6.06 2
