10.0 168
9.98 6
9.96 48
9.95 52
9.93 119
9.91 41
9.9 127
9.88 76
9.87 1
9.86 135
9.85 111
9.83 177
9.82 1
9.81 133
9.8 184
9.78 127
9.77 1
9.76 199
9.75 189
9.73 212
9.72 2
9.71 181
9.7 259
9.68 195
9.67 4
9.66 252
9.65 207
9.64 1
9.63 259
9.62 3
9.61 223
9.6 307
9.59 1
9.58 256
9.57 2
9.56 269
9.55 246
9.53 272
9.51 264
9.5 295
9.48 258
9.47 4
9.46 303
9.45 266
9.44 1
9.43 269
9.42 5
9.41 238
9.4 334
9.38 275
9.37 2
9.36 303
9.35 283
9.33 320
9.32 4
9.31 271
9.3 297
9.28 263
9.27 9
9.26 304
9.25 295
9.23 331
9.22 7
9.21 297
9.2 285
9.18 279
9.17 7
9.16 292
9.15 307
9.13 312
9.12 4
9.11 303
9.1 326
9.08 305
9.07 5
9.06 302
9.05 295
9.03 321
9.02 9
9.01 289
9.0 319
8.98 290
8.97 7
8.96 298
8.95 272
8.93 292
8.92 9
8.91 248
8.9 287
8.88 266
8.87 9
8.86 263
8.85 258
8.83 280
8.82 9
8.81 244
8.8 256
8.78 253
8.77 11
8.76 260
8.75 266
8.73 262
8.72 1
8.71 233
8.7 287
8.68 246
8.67 3
8.66 237
8.65 244
8.63 284
8.62 10
8.61 251
8.6 266
8.58 260
8.57 8
8.56 256
8.55 279
8.53 238
8.52 6
8.51 245
8.5 238
8.48 245
8.47 6
8.46 257
8.45 231
8.43 261
8.42 17
8.41 246
8.4 251
8.38 257
8.37 7
8.36 245
8.35 238
8.33 253
8.32 6
8.31 226
8.3 222
8.28 208
8.27 9
8.26 249
8.25 209
8.23 218
8.22 13
8.21 221
8.2 222
8.18 219
8.17 13
8.16 242
8.15 244
8.13 234
8.12 9
8.11 213
8.1 233
8.08 216
8.07 10
8.06 217
8.05 210
8.03 242
8.02 11
8.01 208
8.0 230
7.98 184
7.97 7
7.96 193
7.95 178
7.93 234
7.92 2
7.91 205
7.9 201
7.88 181
7.87 11
7.86 205
7.85 179
7.83 186
7.82 6
7.81 180
7.8 207
7.78 192
7.77 6
7.76 197
7.75 191
7.73 189
7.72 6
7.71 185
7.7 200
7.68 190
7.67 9
7.66 193
7.65 191
7.63 212
7.62 6
7.61 176
7.6 190
7.58 177
7.57 5
7.56 210
7.55 179
7.53 181
7.52 4
7.51 169
7.5 189
7.48 176
7.47 6
7.46 211
7.45 166
7.43 183
7.42 10
7.41 161
7.4 192
7.38 162
7.37 11
7.36 166
7.35 164
7.33 169
7.32 12
7.31 174
7.3 184
7.28 182
7.27 8
7.26 194
7.25 181
7.23 191
7.22 7
7.21 152
7.2 191
7.18 165
7.17 9
7.16 160
7.15 157
7.13 184
7.12 7
7.11 165
7.1 183
7.08 175
7.07 7
7.06 189
7.05 169
7.03 150
7.02 6
7.01 184
7.0 169
6.98 144
6.97 1
6.96 136
6.95 155
6.93 179
6.92 4
6.91 158
6.9 158
6.88 165
6.87 3
6.86 157
6.85 138
6.83 160
6.82 4
6.81 136
6.8 175
6.78 138
6.77 6
6.76 122
6.75 137
6.73 153
6.72 6
6.71 135
6.7 152
6.68 159
6.67 8
6.66 139
6.65 126
6.63 143
6.62 9
6.61 147
6.6 137
6.59 1
6.58 155
6.57 4
6.56 155
6.55 153
6.53 169
6.52 6
6.51 152
6.5 152
6.48 130
6.47 3
6.46 152
6.45 152
6.43 140
6.42 3
6.41 117
6.4 166
6.38 142
6.37 5
6.36 146
6.35 132
6.33 177
6.32 8
6.31 130
6.3 153
6.28 128
6.27 4
6.26 162
6.25 142
6.23 147
6.22 4
6.21 156
6.2 164
6.18 141
6.17 1
6.16 153
6.15 155
6.13 153
6.12 6
6.11 141
6.1 168
6.08 146
6.07 6
6.06 13
