10.0 55
9.98 8
9.96 18
9.95 13
9.93 48
9.91 25
9.9 47
9.88 31
9.86 59
9.85 38
9.83 71
9.81 49
9.8 63
9.78 70
9.77 1
9.76 73
9.75 77
9.74 2
9.73 111
9.71 78
9.7 110
9.68 93
9.66 92
9.65 83
9.63 109
9.62 2
9.61 104
9.6 102
9.58 117
9.57 2
9.56 124
9.55 140
9.53 129
9.52 1
9.51 125
9.5 135
9.48 120
9.47 3
9.46 133
9.45 109
9.43 116
9.42 1
9.41 125
9.4 137
9.38 133
9.36 163
9.35 127
9.33 145
9.32 3
9.31 149
9.3 163
9.28 141
9.27 4
9.26 143
9.25 141
9.23 149
9.22 1
9.21 146
9.2 165
9.18 143
9.17 5
9.16 153
9.15 142
9.13 178
9.12 5
9.11 152
9.1 161
9.08 185
9.07 2
9.06 143
9.05 166
9.03 146
9.02 1
9.01 157
9.0 164
8.99 1
8.98 130
8.97 2
8.96 160
8.95 136
8.93 151
8.92 3
8.91 145
8.9 144
8.88 158
8.87 3
8.86 179
8.85 176
8.83 154
8.82 7
8.81 169
8.8 197
8.78 139
8.77 5
8.76 162
8.75 151
8.73 158
8.72 3
8.71 171
8.7 173
8.68 164
8.67 2
8.66 150
8.65 150
8.63 162
8.62 3
8.61 152
8.6 170
8.59 1
8.58 151
8.57 5
8.56 165
8.55 154
8.53 173
8.52 4
8.51 158
8.5 162
8.48 161
8.47 5
8.46 167
8.45 142
8.44 1
8.43 158
8.42 4
8.41 150
8.4 170
8.38 141
8.37 5
8.36 177
8.35 143
8.33 152
8.32 1
8.31 157
8.3 167
8.28 173
8.27 4
8.26 171
8.25 137
8.23 151
8.22 4
8.21 144
8.2 168
8.18 178
8.17 5
8.16 181
8.15 136
8.13 161
8.12 3
8.11 159
8.1 176
8.08 169
8.07 5
8.06 152
8.05 151
8.03 166
8.02 4
8.01 149
8.0 172
7.98 150
7.97 4
7.96 147
7.95 161
7.93 156
7.92 5
7.91 141
7.9 173
7.88 146
7.87 3
7.86 140
7.85 145
7.83 176
7.82 4
7.81 138
7.8 166
7.78 156
7.77 5
7.76 160
7.75 156
7.73 158
7.72 1
7.71 145
7.7 132
7.68 154
7.67 7
7.66 151
7.65 157
7.63 163
7.62 3
7.61 165
7.6 170
7.58 143
7.57 5
7.56 158
7.55 140
7.53 166
7.52 6
7.51 161
7.5 161
7.48 157
7.47 5
7.46 166
7.45 148
7.43 172
7.42 6
7.41 144
7.4 193
7.38 146
7.37 2
7.36 183
7.35 161
7.33 134
7.32 9
7.31 159
7.3 154
7.28 136
7.27 8
7.26 157
7.25 146
7.23 153
7.22 3
7.21 179
7.2 176
7.18 160
7.17 4
7.16 166
7.15 143
7.13 158
7.12 3
7.11 163
7.1 157
7.08 146
7.07 1
7.06 158
7.05 179
7.03 171
7.02 1
7.01 148
7.0 165
6.98 138
6.97 4
6.96 163
6.95 140
6.93 128
6.92 5
6.91 145
6.9 180
6.88 123
6.87 4
6.86 152
6.85 158
6.83 152
6.82 2
6.81 138
6.8 149
6.78 162
6.77 5
6.76 135
6.75 159
6.73 163
6.72 3
6.71 149
6.7 148
6.68 147
6.67 8
6.66 134
6.65 159
6.63 169
6.62 4
6.61 151
6.6 150
6.58 184
6.57 5
6.56 176
6.55 155
6.53 184
6.52 1
6.51 155
6.5 169
6.48 157
6.47 1
6.46 200
6.45 166
6.43 176
6.42 4
6.41 163
6.4 168
6.38 174
6.37 2
6.36 174
6.35 168
6.33 183
6.32 9
6.31 176
6.3 197
6.28 156
6.27 3
6.26 191
6.25 190
6.23 196
6.22 9
6.21 191
6.2 170
6.19 1
6.18 147
6.17 7
6.16 196
6.15 196
6.13 177
6.12 5
6.11 193
6.1 230
6.08 191
6.07 6
6.06 19
